135,35
10,7
13,57
10,6
13,68
10,5
10,1
13,42
13,1
0,830
0,631
13,34
13,2
0,630
13,5
0,629
0,628
0,627
0,626
0,625
0,624
0,623
16,6
16,1
0,622
0,621
0,620
0,619
0,618
16,8
16,2
0,617
0,616
16,5
0,615
8,7
0,614
8,6
8,2
8,1
0,613
8,5
5,6
5,2
5,1
5,5
6,6
6,2
6,1
6,5
0,612
2,2
2,1
2,5
0,611
0,610
0,609
0,608
0,607
117,1
30,1
29,1
117,5
0,606
30,5
29,5
0,576
0,335
0,308
118,1
0,340
131,1
0,305
131,5
118,5
0,364
0,10
0,311
0,310
0,0
0,307
0,306
0,13
0,339
0,11
0,9
135,34
135,33
135,32
135,31
135,30
135,29
135,28
135,27
135,26
135,25
135,24
135,23
135,22
135,21
135,20
135,19
135,18
135,17
135,16
135,15
135,14
135,13
135,12
135,11
135,10
135,9
135,8
135,7
135,6
135,5
135,4
135,3
135,2
135,0
0,484
0,469
0,303
0,483
0,468
0,302
0,829
0,467
0,301
0,828
0,466
0,300
0,482
0,465
0,299
0,481
0,464
0,298
0,480
0,463
0,297
0,796
0,462
0,296
0,795
0,461
0,295
0,479
0,460
0,294
0,478
0,459
0,293
0,477
0,458
0,292
0,794
0,457
0,291
0,793
0,456
0,290
0,453
0,455
0,289
0,805
0,493
0,288
0,827
0,452
0,287
0,476
0,451
0,286
0,454
0,450
0,285
0,792
0,449
0,284
0,791
0,447
0,283
0,448
0,446
0,282
0,475
0,445
0,281
0,790
0,443
0,280
0,444
0,442
0,279
0,789
0,440
0,278
0,788
0,439
0,277
0,787
